phase gTrue cPre cMain cPost mmClassic errorMean loopMean validDensity mainLag
  0 -1.167958e-05  1.371064e-04  1.112992e-03  1.487860e-04  1.408618e-04 -4.883528e-05 -3.076623e-03  0.3397 8
  1 -3.743649e-06  1.391042e-04  1.112232e-03  1.428479e-04  9.982080e-05 -1.953411e-04 -2.637105e-03  0.3375 8
  2  1.167560e-05  1.381064e-04  1.115930e-03  1.264308e-04  2.315368e-05  5.371881e-04 -1.806905e-03  0.3347 8
  3  2.141348e-05  1.350396e-04  1.123414e-03  1.136261e-04 -2.885020e-05  1.074376e-03 -4.395175e-04  0.3342 8
  4  3.576108e-05  1.407178e-04  1.117071e-03  1.049567e-04 -1.007739e-04 -1.025541e-03 -4.444010e-03  0.3346 8
  5  6.272802e-05  1.497450e-04  1.129999e-03  8.701694e-05 -2.397231e-04 -1.855741e-03 -4.932363e-03  0.3378 8
  6  6.566143e-05  1.507448e-04  1.141917e-03  8.508337e-05 -2.554689e-04 -1.513894e-03 -4.346340e-03  0.3395 8
  7  8.111842e-05  1.505354e-04  1.142435e-03  6.941697e-05 -3.329922e-04 -2.685940e-03 -5.909069e-03  0.3427 8
  8  1.049148e-04  1.604513e-04  1.144321e-03  5.553648e-05 -4.555309e-04 -4.932363e-03 -8.546174e-03  0.3466 8
  9  1.177209e-04  1.572094e-04  1.147402e-03  3.948848e-05 -5.218222e-04 -7.422962e-03 -1.230649e-02  0.3514 8
 10  1.378525e-04  1.680319e-04  1.150097e-03  3.017939e-05 -6.261776e-04 -9.571715e-03 -1.513894e-02  0.3576 8
 11  1.498392e-04  1.712382e-04  1.156672e-03  2.139901e-05 -6.876836e-04 -8.643844e-03 -1.372271e-02  0.3622 8
 12  1.601205e-04  1.711091e-04  1.159914e-03  1.098860e-05 -7.385635e-04 -8.888021e-03 -1.372271e-02  0.3680 8
 13  1.648413e-04  1.706252e-04  1.151412e-03  5.783915e-06 -7.626184e-04 -8.741515e-03 -1.362504e-02  0.3728 8
 14  1.944837e-04  1.809874e-04  1.151524e-03 -1.349637e-05 -9.162636e-04 -7.764809e-03 -1.196464e-02  0.3773 8
 15  2.030950e-04  1.880968e-04  1.165122e-03 -1.499822e-05 -9.607618e-04 -8.350833e-03 -1.264834e-02  0.3827 8
 16  2.013837e-04  1.809955e-04  1.169282e-03 -2.038820e-05 -9.501755e-04 -6.299751e-03 -9.522879e-03  0.3871 8
 17  2.284455e-04  1.899179e-04  1.165341e-03 -3.852755e-05 -1.089714e-03 -5.567222e-03 -7.911315e-03  0.3917 8
 18  2.427192e-04  1.964166e-04  1.167204e-03 -4.630256e-05 -1.164569e-03 -5.323045e-03 -7.764809e-03  0.3965 8
 19  2.480777e-04  1.950099e-04  1.171846e-03 -5.306786e-05 -1.190653e-03 -5.127704e-03 -7.471798e-03  0.4007 8
 20  2.693076e-04  2.067589e-04  1.170260e-03 -6.254877e-05 -1.298936e-03 -3.369634e-03 -6.153245e-03  0.4050 8
 21  2.730391e-04  2.038157e-04  1.169677e-03 -6.922340e-05 -1.318398e-03 -1.758070e-03 -4.004493e-03  0.4076 8
 22  2.880956e-04  2.118586e-04  1.171992e-03 -7.623700e-05 -1.397277e-03  9.278703e-04  4.883528e-05  0.4099 8
 23  3.108925e-04  2.198236e-04  1.169050e-03 -9.106893e-05 -1.512373e-03  1.123211e-03  1.123211e-03  0.4124 8
 24  3.214519e-04  2.233466e-04  1.166709e-03 -9.810526e-05 -1.567525e-03  2.197588e-03  3.516140e-03  0.4140 8
 25  3.494286e-04  2.397647e-04  1.158412e-03 -1.096639e-04 -1.712408e-03  2.099917e-03  4.395175e-03  0.4144 8
 26  3.536361e-04  2.410631e-04  1.163552e-03 -1.125730e-04 -1.733502e-03  2.783611e-03  4.346340e-03  0.4138 8
 27  3.756773e-04  2.448262e-04  1.162124e-03 -1.308511e-04 -1.847260e-03  2.588270e-03  4.492846e-03  0.4107 8
 28  3.862274e-04  2.533850e-04  1.158765e-03 -1.328424e-04 -1.900786e-03  2.783611e-03  4.834693e-03  0.4086 8
 29  3.962502e-04  2.560562e-04  1.163350e-03 -1.401940e-04 -1.951734e-03  1.904576e-03  4.102163e-03  0.4074 8
 30  4.100688e-04  2.628087e-04  1.165090e-03 -1.472601e-04 -2.023002e-03  2.197588e-03  4.395175e-03  0.4048 8
 31  4.125831e-04  2.640561e-04  1.162985e-03 -1.485270e-04 -2.035898e-03  3.809152e-03  6.592763e-03  0.3998 8
 32  4.204614e-04  2.645564e-04  1.154439e-03 -1.559050e-04 -2.076161e-03  2.930117e-03  5.420716e-03  0.3944 8
 33  4.428246e-04  2.797564e-04  1.152520e-03 -1.630682e-04 -2.192032e-03  4.199834e-03  6.885774e-03  0.3900 8
 34  4.590088e-04  2.846459e-04  1.150066e-03 -1.743629e-04 -2.273503e-03  4.737022e-03  8.155492e-03  0.3859 8
 35  4.722939e-04  2.899553e-04  1.146400e-03 -1.823386e-04 -2.341880e-03  5.469551e-03  9.522879e-03  0.3824 8
 36  4.903436e-04  3.058596e-04  1.143935e-03 -1.844839e-04 -2.435364e-03  5.616057e-03  8.497338e-03  0.3778 8
 37  4.996974e-04  3.098501e-04  1.137820e-03 -1.898473e-04 -2.483343e-03  5.127704e-03  7.813645e-03  0.3714 8
 38  5.034747e-04  3.135537e-04  1.138907e-03 -1.899210e-04 -2.503514e-03  3.662646e-03  5.860233e-03  0.3641 8
 39  5.168154e-04  3.146805e-04  1.141902e-03 -2.021350e-04 -2.572390e-03  3.662646e-03  6.348586e-03  0.3570 8
 40  5.356154e-04  3.305088e-04  1.138619e-03 -2.051066e-04 -2.669169e-03  3.564975e-03  6.788104e-03  0.3489 8
 41  5.481618e-04  3.357634e-04  1.130155e-03 -2.123984e-04 -2.732547e-03  4.053328e-03  7.813645e-03  0.3446 8
 42  5.706476e-04  3.485101e-04  1.123725e-03 -2.221375e-04 -2.849336e-03  3.613811e-03  6.592763e-03  0.3377 8
 43  5.814425e-04  3.565444e-04  1.124617e-03 -2.248981e-04 -2.905116e-03  3.223128e-03  6.739268e-03  0.3334 8
 44  5.762025e-04  3.570384e-04  1.111229e-03 -2.191641e-04 -2.879033e-03  1.562729e-03  3.613811e-03  0.3293 8
 45  5.952040e-04  3.653146e-04  1.110962e-03 -2.298894e-04 -2.975549e-03 -3.418470e-04  1.806905e-03  0.3277 8
 46  6.077334e-04  3.795923e-04  1.105168e-03 -2.281411e-04 -3.041028e-03 -1.611564e-03  1.465058e-04  0.3279 8
 47  6.117666e-04  3.813629e-04  1.100316e-03 -2.304037e-04 -3.062340e-03 -1.367388e-03  2.930117e-04  0.3297 8
 48  6.282611e-04  3.921905e-04  1.092872e-03 -2.360706e-04 -3.148054e-03 -1.074376e-03  1.904576e-03  0.3330 8
 49  6.449808e-04  4.005930e-04  1.078623e-03 -2.443878e-04 -3.233427e-03 -2.002246e-03  9.278703e-04  0.3373 8
 50  6.511942e-04  4.076030e-04  1.080486e-03 -2.435912e-04 -3.265001e-03 -5.860233e-04  3.809152e-03  0.3409 8
 51  6.651093e-04  4.254314e-04  1.068710e-03 -2.396778e-04 -3.337178e-03  2.441764e-04  4.639351e-03  0.3448 8
 52  6.868323e-04  4.331111e-04  1.065074e-03 -2.537212e-04 -3.449672e-03  1.562729e-03  5.176540e-03  0.3499 8
 53  6.905411e-04  4.398163e-04  1.045656e-03 -2.507247e-04 -3.469002e-03  6.543927e-03  1.264834e-02  0.3549 8
 54  6.937848e-04  4.444208e-04  1.042871e-03 -2.493640e-04 -3.485470e-03  7.081115e-03  1.323436e-02  0.3564 8
 55  7.083116e-04  4.544113e-04  1.039432e-03 -2.539004e-04 -3.559652e-03  6.153245e-03  1.147629e-02  0.3568 8
 56  7.234068e-04  4.622833e-04  1.045063e-03 -2.611235e-04 -3.637519e-03  5.371881e-03  1.035308e-02  0.3569 8
 57  7.292989e-04  4.714461e-04  1.033923e-03 -2.578528e-04 -3.667333e-03  5.030034e-03  1.025541e-02  0.3565 8
 58  7.347154e-04  4.772568e-04  1.014829e-03 -2.574586e-04 -3.697751e-03  2.246423e-03  5.274210e-03  0.3562 8
 59  7.585855e-04  4.979251e-04  1.004319e-03 -2.606605e-04 -3.819753e-03  1.562729e-03  4.590516e-03  0.3550 8
 60  7.626081e-04  4.983192e-04  9.978175e-04 -2.642889e-04 -3.841168e-03  4.883528e-05  1.025541e-03  0.3539 8
 61  7.783541e-04  5.121567e-04  9.915473e-04 -2.661974e-04 -3.922536e-03 -9.278703e-04 -1.220882e-03  0.3523 8
 62  7.776978e-04  5.233700e-04  9.804835e-04 -2.543278e-04 -3.920708e-03 -1.318553e-03 -1.953411e-03  0.3509 8
 63  7.830209e-04  5.289686e-04  9.697999e-04 -2.540523e-04 -3.948778e-03 -1.806905e-03 -3.125458e-03  0.3483 8
 64  8.093684e-04  5.488089e-04  9.568730e-04 -2.605594e-04 -4.083878e-03 -4.883528e-04 -2.148752e-03  0.3446 8
 65  8.175765e-04  5.593808e-04  9.476063e-04 -2.581957e-04 -4.126480e-03  3.271964e-03  3.271964e-03  0.3393 8
 66  8.265485e-04  5.643329e-04  9.492305e-04 -2.622156e-04 -4.173036e-03  6.055575e-03  7.618303e-03  0.3332 8
 67  8.341149e-04  5.736868e-04  9.336635e-04 -2.604281e-04 -4.213173e-03  6.788104e-03  8.790350e-03  0.3280 8
 68  8.453863e-04  5.884454e-04  9.242308e-04 -2.569409e-04 -4.271085e-03  8.448503e-03  1.054842e-02  0.3247 8
 69  8.542246e-04  5.894132e-04  9.208254e-04 -2.648114e-04 -4.315644e-03  1.049958e-02  1.372271e-02  0.3161 8
 70  8.639921e-04  6.017822e-04  9.086506e-04 -2.622099e-04 -4.368033e-03  1.225765e-02  1.626215e-02  0.3120 8
 71  8.689348e-04  6.076534e-04  8.851662e-04 -2.612814e-04 -4.393980e-03  9.669385e-03  1.289251e-02  0.3057 8
 72  8.846544e-04  6.225668e-04  8.780010e-04 -2.620875e-04 -4.475177e-03  3.174293e-03  3.516140e-03  0.3035 8
 73  8.918745e-04  6.376292e-04  8.673883e-04 -2.542453e-04 -4.512516e-03 -2.392929e-03 -4.981198e-03  0.3009 8
 74  8.934941e-04  6.371728e-04  8.596983e-04 -2.563213e-04 -4.521299e-03 -9.962397e-03 -1.606681e-02  0.2972 8
 75  9.158888e-04  6.605904e-04  8.466109e-04 -2.552984e-04 -4.636752e-03 -1.308785e-02 -1.997363e-02  0.2973 8
 76  9.175788e-04  6.683853e-04  8.387009e-04 -2.491935e-04 -4.645818e-03 -1.753187e-02 -2.490599e-02  0.2968 8
 77  9.227221e-04  6.702322e-04  8.318886e-04 -2.524899e-04 -4.673426e-03 -2.036431e-02 -2.974068e-02  0.2968 8
 78  9.232481e-04  6.837624e-04  8.112025e-04 -2.394857e-04 -4.676812e-03 -1.987596e-02 -2.891048e-02  0.2975 8
 79  9.358892e-04  6.931630e-04  8.022874e-04 -2.427263e-04 -4.741589e-03 -1.899692e-02 -2.729892e-02  0.2998 8
 80  9.542738e-04  7.086592e-04  7.888079e-04 -2.456145e-04 -4.837503e-03 -1.767837e-02 -2.627338e-02  0.2989 8
 81  3.526082e-04  4.553145e-04  7.975510e-04  1.027063e-04 -1.872195e-03 -1.675050e-02 -2.583386e-02  0.2998 17
 82  3.756476e-04  4.616688e-04  7.924048e-04  8.602117e-05 -1.992658e-03 -1.489476e-02 -2.397812e-02  0.3007 17
 83  3.872249e-04  4.649399e-04  7.828540e-04  7.771496e-05 -2.053897e-03 -1.279484e-02 -2.041315e-02  0.3005 17
 84  3.952145e-04  4.707944e-04  7.746235e-04  7.557990e-05 -2.096921e-03 -1.201348e-02 -1.914343e-02  0.3010 17
 85  4.109876e-04  4.795228e-04  7.868124e-04  6.853519e-05 -2.179929e-03 -1.054842e-02 -1.665283e-02  0.2989 17
 86  4.172308e-04  4.826618e-04  7.779783e-04  6.543109e-05 -2.212111e-03 -8.546174e-03 -1.445524e-02  0.2980 17
 87  4.462458e-04  4.971741e-04  7.789699e-04  5.092832e-05 -2.362411e-03 -7.032280e-03 -1.235533e-02  0.2951 17
 88 -5.155031e-04  1.691286e-04  7.893071e-04  6.846317e-04  2.712753e-03 -5.078869e-03 -9.669385e-03  0.2919 7
 89 -5.045386e-04  1.689909e-04  7.981377e-04  6.735295e-04  2.657442e-03 -4.053328e-03 -7.764809e-03  0.2878 7
 90 -4.916227e-04  1.661631e-04  8.107864e-04  6.577858e-04  2.590766e-03 -1.025541e-03 -2.344093e-03  0.2839 7
 91 -4.788161e-04  1.683681e-04  8.137555e-04  6.471841e-04  2.526579e-03  1.318553e-03  1.611564e-03  0.2816 7
 92 -4.728475e-04  1.621081e-04  8.242852e-04  6.349555e-04  2.495447e-03  4.346340e-03  7.520633e-03  0.2793 7
 93 -4.598739e-04  1.577781e-04  8.300882e-04  6.176520e-04  2.430173e-03  9.034527e-03  1.557845e-02  0.2788 7
 94 -4.560253e-04  1.554415e-04  8.438940e-04  6.114668e-04  2.410696e-03  1.132978e-02  1.850857e-02  0.2796 7
 95 -4.337234e-04  1.578321e-04  8.588252e-04  5.915556e-04  2.295936e-03  1.342970e-02  2.236656e-02  0.2822 7
 96 -4.254205e-04  1.572022e-04  8.631580e-04  5.826227e-04  2.252603e-03  1.430874e-02  2.305025e-02  0.2855 7
 97 -4.216318e-04  1.469922e-04  8.791353e-04  5.686240e-04  2.235110e-03  1.523661e-02  2.412463e-02  0.2892 7
 98 -4.049113e-04  1.458114e-04  8.837408e-04  5.507228e-04  2.150173e-03  1.655516e-02  2.598037e-02  0.2918 7
 99 -3.834666e-04  1.492503e-04  9.022554e-04  5.327169e-04  2.040352e-03  1.714118e-02  2.661523e-02  0.2936 7
100 -3.785226e-04  1.452807e-04  9.039866e-04  5.238033e-04  2.015024e-03  1.841090e-02  2.900816e-02  0.2933 7
101 -3.672978e-04  1.454169e-04  9.214412e-04  5.127146e-04  1.957779e-03  1.914343e-02  2.959418e-02  0.2937 7
102 -3.607830e-04  1.345780e-04  9.297021e-04  4.953610e-04  1.926538e-03  1.899692e-02  2.910583e-02  0.2941 7
103 -3.492275e-04  1.390924e-04  9.350067e-04  4.883199e-04  1.867054e-03  1.875275e-02  2.803145e-02  0.2947 7
104 -3.324780e-04  1.420542e-04  9.428388e-04  4.745322e-04  1.780067e-03  1.675050e-02  2.417346e-02  0.2914 7
105 -3.085527e-04  1.492966e-04  9.421464e-04  4.578493e-04  1.657805e-03  1.592030e-02  2.383162e-02  0.2912 7
106 -3.096394e-04  1.371811e-04  9.595377e-04  4.468206e-04  1.664079e-03  1.269717e-02  1.787371e-02  0.2892 7
107 -2.935782e-04  1.372566e-04  9.745975e-04  4.308348e-04  1.583489e-03  9.181032e-03  1.308785e-02  0.2910 7
108 -2.730625e-04  1.419206e-04  9.756602e-04  4.149831e-04  1.477242e-03  4.102163e-03  5.469551e-03  0.2928 7
109 -2.675862e-04  1.405117e-04  9.749085e-04  4.080979e-04  1.451336e-03 -9.767056e-05 -6.348586e-04  0.2925 7
110 -2.562116e-04  1.318242e-04  9.953753e-04  3.880358e-04  1.392637e-03 -3.418470e-03 -5.957904e-03  0.2953 7
111 -2.411976e-04  1.339376e-04  9.989398e-04  3.751352e-04  1.315033e-03 -7.520633e-03 -1.167163e-02  0.2995 7
112 -2.373023e-04  1.299177e-04  1.011413e-03  3.672200e-04  1.296294e-03 -8.790350e-03 -1.269717e-02  0.3010 7
113 -2.111553e-04  1.371896e-04  1.013609e-03  3.483449e-04  1.163124e-03 -9.718220e-03 -1.430874e-02  0.3029 7
114 -1.838791e-04  1.482007e-04  1.030452e-03  3.320799e-04  1.023241e-03 -1.025541e-02 -1.513894e-02  0.3039 7
115 -1.833349e-04  1.389061e-04  1.029207e-03  3.222410e-04  1.021111e-03 -8.497338e-03 -1.201348e-02  0.3035 7
116 -1.719009e-04  1.373306e-04  1.036588e-03  3.092315e-04  9.637471e-04 -7.569468e-03 -1.035308e-02  0.3061 7
117 -1.628063e-04  1.344140e-04  1.047444e-03  2.972203e-04  9.172583e-04 -6.006739e-03 -8.106656e-03  0.3121 7
118 -1.533741e-04  1.320471e-04  1.058009e-03  2.854212e-04  8.692399e-04 -6.543927e-03 -9.767056e-03  0.3164 7
119 -1.369050e-04  1.336140e-04  1.058294e-03  2.705191e-04  7.838956e-04 -5.127704e-03 -8.350833e-03  0.3236 7
120 -1.334395e-04  1.315971e-04  1.065360e-03  2.650366e-04  7.657860e-04 -8.106656e-03 -1.382038e-02  0.3298 7
121 -1.078419e-04  1.372530e-04  1.075791e-03  2.450949e-04  6.359823e-04 -6.934610e-03 -1.206231e-02  0.3338 7
122 -9.968840e-05  1.334863e-04  1.077943e-03  2.331747e-04  5.929723e-04 -5.274210e-03 -9.132197e-03  0.3365 7
123 -7.179509e-05  1.404353e-04  1.080165e-03  2.122304e-04  4.498017e-04 -3.662646e-03 -6.543927e-03  0.3405 7
124 -7.147237e-05  1.366985e-04  1.087437e-03  2.081708e-04  4.502469e-04 -2.930117e-03 -5.420716e-03  0.3434 7
125 -5.562126e-05  1.295957e-04  1.105160e-03  1.852169e-04  3.685082e-04 -1.611564e-03 -3.613811e-03  0.3438 7
126 -3.809593e-05  1.431857e-04  1.105079e-03  1.812816e-04  2.792532e-04 -1.318553e-03 -3.613811e-03  0.3435 7
127 -2.931888e-05  1.400056e-04  1.104249e-03  1.693244e-04  2.336553e-04 -1.172047e-03 -4.444010e-03  0.3415 7
