phase gTrue cPre cMain cPost mmClassic loopMean validDensity mainLag
  0 -2.327348e-03 -4.247185e-04  1.902629e-03  1.902629e-03 -5.159047e-03 -3.908540e-03  0.3398 6
  1 -2.342776e-03 -4.267018e-04  1.916074e-03  1.916074e-03 -5.107366e-03 -1.172562e-03  0.3361 6
  2 -2.363144e-03 -4.277986e-04  1.935346e-03  1.935346e-03 -5.075349e-03 -7.817080e-04  0.3379 6
  3 -2.366634e-03 -4.167326e-04  1.949902e-03  1.949902e-03 -5.049073e-03  3.517686e-03  0.3338 6
  4 -2.363027e-03 -4.081563e-04  1.954871e-03  1.954871e-03 -5.159585e-03  0.000000e+00  0.3336 6
  5 -2.350824e-03 -3.837190e-04  1.967105e-03  1.967105e-03 -5.052253e-03 -3.322259e-03  0.3318 6
  6 -2.370080e-03 -3.869266e-04  1.983154e-03  1.983154e-03 -4.962157e-03 -3.126832e-03  0.3342 6
  7 -2.350913e-03 -3.626042e-04  1.988309e-03  1.988309e-03 -4.948043e-03 -2.540551e-03  0.3379 6
  8 -2.330238e-03 -3.507025e-04  1.979535e-03  1.979535e-03 -4.972118e-03  0.000000e+00  0.3395 6
  9 -2.325971e-03 -3.323106e-04  1.993660e-03  1.993660e-03 -4.914154e-03  5.276529e-03  0.3453 6
 10 -2.322678e-03 -3.211461e-04  2.001532e-03  2.001532e-03 -4.876783e-03  3.517686e-03  0.3467 6
 11 -2.300835e-03 -2.979446e-04  2.002890e-03  2.002890e-03 -4.905859e-03  1.954270e-03  0.3490 6
 12 -2.315320e-03 -2.958189e-04  2.019501e-03  2.019501e-03 -4.877201e-03  5.667383e-03  0.3533 6
 13 -2.322171e-03 -2.869628e-04  2.035208e-03  2.035208e-03 -4.931030e-03  5.667383e-03  0.3572 6
 14 -2.312417e-03 -2.735284e-04  2.038889e-03  2.038889e-03 -4.880524e-03  1.758843e-03  0.3656 6
 15 -2.306482e-03 -2.624719e-04  2.044010e-03  2.044010e-03 -4.795220e-03  5.276529e-03  0.3725 6
 16 -2.287171e-03 -2.418904e-04  2.045281e-03  2.045281e-03 -4.785529e-03 -3.713113e-03  0.3793 6
 17 -2.275232e-03 -2.310639e-04  2.044168e-03  2.044168e-03 -4.707269e-03 -4.299394e-03  0.3819 6
 18 -2.285795e-03 -2.278368e-04  2.057959e-03  2.057959e-03 -4.726311e-03 -2.149697e-03  0.3877 6
 19 -2.284018e-03 -2.105155e-04  2.073503e-03  2.073503e-03 -4.613790e-03 -3.322259e-03  0.3912 6
 20 -2.236925e-03 -1.811488e-04  2.055776e-03  2.055776e-03 -4.703496e-03 -5.667383e-03  0.3952 6
 21 -2.232100e-03 -1.835793e-04  2.048521e-03  2.048521e-03 -4.593428e-03 -3.517686e-03  0.3991 6
 22 -2.238392e-03 -1.658062e-04  2.072585e-03  2.072585e-03 -4.532476e-03  1.563416e-03  0.4026 6
 23 -2.207664e-03 -1.390412e-04  2.068623e-03  2.068623e-03 -4.630495e-03  8.012507e-03  0.4014 6
 24 -2.195276e-03 -1.316379e-04  2.063639e-03  2.063639e-03 -4.646676e-03  8.207934e-03  0.4022 6
 25 -2.175570e-03 -1.205240e-04  2.055046e-03  2.055046e-03 -4.633843e-03  7.817080e-03  0.4055 6
 26 -2.171102e-03 -1.007842e-04  2.070318e-03  2.070318e-03 -4.504199e-03  3.908540e-04  0.4055 6
 27 -2.161714e-03 -8.230183e-05  2.079412e-03  2.079412e-03 -4.425774e-03 -1.172562e-03  0.4012 6
 28 -2.134407e-03 -6.852151e-05  2.065886e-03  2.065886e-03 -4.420464e-03  2.540551e-03  0.4010 6
 29 -2.128301e-03 -5.172297e-05  2.076579e-03  2.076579e-03 -4.325679e-03 -2.931405e-03  0.3955 6
 30 -2.121608e-03 -4.058932e-05  2.081018e-03  2.081018e-03 -4.318954e-03 -3.322259e-03  0.3903 6
 31 -2.101967e-03 -3.242261e-05  2.069544e-03  2.069544e-03 -4.321421e-03 -5.276529e-03  0.3858 6
 32 -2.084502e-03 -1.896481e-06  2.082606e-03  2.082606e-03 -4.289670e-03 -9.575923e-03  0.3825 6
 33 -2.051472e-03  1.920245e-05  2.070674e-03  2.070674e-03 -4.317726e-03 -7.426226e-03  0.3793 6
 34 -2.017834e-03  4.184281e-05  2.059677e-03  2.059677e-03 -4.295138e-03 -1.426617e-02  0.3760 6
 35 -2.009623e-03  6.423610e-05  2.073859e-03  2.073859e-03 -4.252312e-03 -1.328904e-02  0.3684 6
 36 -1.996345e-03  7.673638e-05  2.073081e-03  2.073081e-03 -4.187214e-03 -1.837014e-02  0.3639 6
 37 -1.985494e-03  7.955805e-05  2.065052e-03  2.065052e-03 -4.144164e-03 -1.582959e-02  0.3572 6
 38 -1.973944e-03  9.834510e-05  2.072289e-03  2.072289e-03 -4.165477e-03 -1.700215e-02  0.3539 6
 39 -1.948719e-03  1.240519e-04  2.072771e-03  2.072771e-03 -4.125723e-03 -1.407074e-02  0.3467 6
 40 -1.893025e-03  1.565467e-04  2.049572e-03  2.049572e-03 -3.948794e-03 -1.055306e-02  0.3406 6
 41 -1.874247e-03  1.769946e-04  2.051242e-03  2.051242e-03 -4.076484e-03 -9.575923e-03  0.3385 6
 42 -1.857250e-03  1.906091e-04  2.047859e-03  2.047859e-03 -3.961817e-03 -9.185069e-03  0.3322 6
 43 -1.843244e-03  1.991984e-04  2.042442e-03  2.042442e-03 -3.875433e-03 -8.207934e-03  0.3277 6
 44 -1.801775e-03  2.191650e-04  2.020940e-03  2.020940e-03 -3.852581e-03 -6.449091e-03  0.3250 6
 45 -1.764658e-03  2.463203e-04  2.010978e-03  2.010978e-03 -4.029428e-03 -6.644518e-03  0.3232 6
 46 -1.751547e-03  2.606622e-04  2.012209e-03  2.012209e-03 -3.838961e-03 -1.172562e-02  0.3252 6
 47 -1.749750e-03  2.658108e-04  2.015561e-03  2.015561e-03 -3.939909e-03 -2.071526e-02  0.3279 6
 48 -1.690993e-03  3.029267e-04  1.993920e-03  1.993920e-03 -3.795669e-03 -2.227868e-02  0.3250 6
 49 -1.668338e-03  3.360354e-04  2.004374e-03  2.004374e-03 -3.782974e-03 -1.817471e-02  0.3322 6
 50 -1.646290e-03  3.564386e-04  2.002729e-03  2.002729e-03 -3.784171e-03 -2.403752e-02  0.3395 6
 51 -1.604141e-03  3.749598e-04  1.979101e-03  1.979101e-03 -3.825433e-03 -1.797928e-02  0.3484 6
 52 -1.584145e-03  3.949612e-04  1.979106e-03  1.979106e-03 -3.758452e-03 -2.247411e-02  0.3524 6
 53 -1.542777e-03  4.135928e-04  1.956370e-03  1.956370e-03 -3.719169e-03 -1.954270e-02  0.3551 6
 54 -1.559440e-03  4.152390e-04  1.974679e-03  1.974679e-03 -3.676704e-03 -2.012898e-02  0.3570 6
 55 -1.502974e-03  4.399022e-04  1.942876e-03  1.942876e-03 -3.646607e-03 -2.325581e-02  0.3582 6
 56 -1.486473e-03  4.610716e-04  1.947544e-03  1.947544e-03 -3.741761e-03 -2.423295e-02  0.3563 6
 57 -1.438857e-03  4.987067e-04  1.937563e-03  1.937563e-03 -3.560834e-03 -2.012898e-02  0.3568 6
 58 -1.397309e-03  5.239923e-04  1.921301e-03  1.921301e-03 -3.458128e-03 -2.051984e-02  0.3543 6
 59 -1.369813e-03  5.456059e-04  1.915419e-03  1.915419e-03 -3.516754e-03 -1.915185e-02  0.3557 6
 60 -1.350910e-03  5.582824e-04  1.909192e-03  1.909192e-03 -3.482317e-03 -1.622044e-02  0.3568 6
 61 -1.307668e-03  5.827302e-04  1.890398e-03  1.890398e-03 -3.497955e-03 -1.856557e-02  0.3574 6
 62 -1.266767e-03  6.087147e-04  1.875482e-03  1.875482e-03 -3.472181e-03 -1.543873e-02  0.3541 6
 63 -1.256468e-03  6.140918e-04  1.870560e-03  1.870560e-03 -3.397752e-03 -1.387532e-02  0.3516 6
 64 -1.204225e-03  6.527053e-04  1.856931e-03  1.856931e-03 -3.343144e-03 -6.644518e-03  0.3486 6
 65 -1.192792e-03  6.695790e-04  1.862371e-03  1.862371e-03 -3.323453e-03 -4.885675e-03  0.3455 6
 66 -1.156333e-03  6.844994e-04  1.840832e-03  1.840832e-03 -3.391338e-03  5.862810e-04  0.3400 6
 67 -1.119180e-03  7.057367e-04  1.824916e-03  1.824916e-03 -3.316693e-03  1.016220e-02  0.3340 6
 68 -1.088353e-03  7.315368e-04  1.819890e-03  1.819890e-03 -3.298538e-03  1.016220e-02  0.3289 6
 69 -1.053586e-03  7.584440e-04  1.812030e-03  1.812030e-03 -3.357893e-03  6.644518e-03  0.3273 6
 70 -1.023048e-03  7.647225e-04  1.787770e-03  1.787770e-03 -3.215526e-03  1.133477e-02  0.3193 6
 71 -9.836924e-04  8.014524e-04  1.785145e-03  1.785145e-03 -3.222500e-03  5.667383e-03  0.3115 6
 72 -9.640323e-04  8.104210e-04  1.774453e-03  1.774453e-03 -3.048206e-03  0.000000e+00  0.3113 6
 73 -9.156941e-04  8.450417e-04  1.760736e-03  1.760736e-03 -3.217597e-03  2.149697e-03  0.3047 6
 74 -8.801793e-04  8.609458e-04  1.741125e-03  1.741125e-03 -3.004126e-03 -8.012507e-03  0.3043 6
 75 -8.514602e-04  8.861159e-04  1.737576e-03  1.737576e-03 -2.947289e-03 -1.133477e-02  0.2959 6
 76 -7.908512e-04  9.182053e-04  1.709056e-03  1.709056e-03 -2.990686e-03 -1.094391e-02  0.2970 6
 77 -7.901197e-04  9.317010e-04  1.721821e-03  1.721821e-03 -2.946338e-03 -4.103967e-03  0.2957 6
 78 -7.294105e-04  9.683619e-04  1.697772e-03  1.697772e-03 -2.866806e-03 -6.058237e-03  0.2984 6
 79 -7.020558e-04  9.854498e-04  1.687506e-03  1.687506e-03 -2.967527e-03 -4.103967e-03  0.2984 6
 80 -6.957812e-04  9.908670e-04  1.686648e-03  1.686648e-03 -2.936529e-03 -1.563416e-03  0.2990 6
 81 -6.653204e-04  1.016707e-03  1.682028e-03  1.682028e-03 -2.924531e-03  5.081102e-03  0.2988 6
 82 -6.151456e-04  1.040178e-03  1.655323e-03  1.655323e-03 -2.912170e-03  1.563416e-03  0.3010 6
 83 -5.555263e-04  1.068664e-03  1.624190e-03  1.624190e-03 -2.824120e-03  6.449091e-03  0.3051 6
 84 -5.328015e-04  1.088275e-03  1.621077e-03  1.621077e-03 -2.824636e-03  6.839945e-03  0.3035 6
 85 -5.203724e-04  1.091291e-03  1.611663e-03  1.611663e-03 -2.740657e-03  5.471956e-03  0.3035 6
 86 -4.707498e-04  1.129216e-03  1.599966e-03  1.599966e-03 -2.689063e-03  5.276529e-03  0.3008 6
 87 -4.409969e-04  1.155319e-03  1.596316e-03  1.596316e-03 -2.704463e-03  6.644518e-03  0.2974 6
 88 -4.321796e-04  1.153983e-03  1.586162e-03  1.586162e-03 -2.708154e-03  8.598788e-03  0.2978 6
 89 -3.699195e-04  1.204543e-03  1.574463e-03  1.574463e-03 -2.683470e-03  1.113934e-02  0.2961 6
 90 -3.566625e-04  1.202144e-03  1.558807e-03  1.558807e-03 -2.757174e-03  1.504788e-02  0.2931 6
 91 -3.101165e-04  1.237908e-03  1.548024e-03  1.548024e-03 -2.716589e-03  1.446160e-02  0.2922 6
 92 -2.586293e-04  1.264644e-03  1.523274e-03  1.523274e-03 -2.630057e-03  1.739300e-02  0.2924 6
 93 -2.337283e-04  1.286273e-03  1.520001e-03  1.520001e-03 -2.495646e-03  1.465703e-02  0.2908 6
 94 -2.103544e-04  1.293238e-03  1.503592e-03  1.503592e-03 -2.489518e-03  1.934727e-02  0.2908 6
 95 -1.649419e-04  1.323321e-03  1.488263e-03  1.488263e-03 -2.537764e-03  1.934727e-02  0.2920 6
 96 -1.273969e-04  1.327139e-03  1.454536e-03  1.454536e-03 -2.504946e-03  1.700215e-02  0.2941 6
 97 -1.212581e-04  1.346507e-03  1.467765e-03  1.467765e-03 -2.492205e-03  1.797928e-02  0.2951 6
 98 -9.074903e-05  1.374610e-03  1.465359e-03  1.465359e-03 -2.481447e-03  1.797928e-02  0.3002 6
 99 -4.105123e-05  1.395662e-03  1.436713e-03  1.436713e-03 -2.414459e-03  1.543873e-02  0.3013 6
100 -1.765588e-05  1.425040e-03  1.442696e-03  1.442696e-03 -2.358234e-03  1.172562e-02  0.3041 6
101 -2.038169e-03 -6.157535e-04  1.437017e-03  1.422416e-03 -2.324658e-03  1.426617e-02  0.2998 5
102 -2.027279e-03 -6.054073e-04  1.474081e-03  1.421872e-03 -2.413844e-03  1.446160e-02  0.2974 5
103 -2.008163e-03 -6.091120e-04  1.459253e-03  1.399051e-03 -2.347372e-03  1.192105e-02  0.2970 5
104 -2.004201e-03 -6.099776e-04  1.499373e-03  1.394224e-03 -2.266069e-03  1.094391e-02  0.2951 5
105 -2.000536e-03 -6.104215e-04  1.521428e-03  1.390115e-03 -2.258569e-03  8.794215e-03  0.2949 5
106 -1.977727e-03 -6.119813e-04  1.537438e-03  1.365745e-03 -2.237154e-03  1.328904e-02  0.2941 5
107 -1.957917e-03 -5.936571e-04  1.549921e-03  1.364260e-03 -2.166049e-03  9.185069e-03  0.2916 5
108 -1.945558e-03 -5.838789e-04  1.567541e-03  1.361679e-03 -2.190610e-03  1.231190e-02  0.2969 5
109 -1.908513e-03 -5.579063e-04  1.573746e-03  1.350606e-03 -2.157776e-03  9.966777e-03  0.2994 5
110 -1.892271e-03 -5.521606e-04  1.590063e-03  1.340110e-03 -2.168866e-03  7.817080e-04  0.2994 5
111 -1.899177e-03 -5.631915e-04  1.621573e-03  1.335986e-03 -2.030201e-03 -5.862810e-03  0.3015 5
112 -1.883794e-03 -5.515893e-04  1.637640e-03  1.332205e-03 -1.952927e-03 -3.126832e-03  0.3045 5
113 -1.872115e-03 -5.577696e-04  1.651634e-03  1.314345e-03 -1.978091e-03 -2.149697e-03  0.3082 5
114 -1.861585e-03 -5.409949e-04  1.672480e-03  1.320590e-03 -2.057606e-03 -3.908540e-03  0.3096 5
115 -1.822460e-03 -5.263878e-04  1.696584e-03  1.296072e-03 -1.868433e-03 -2.149697e-03  0.3139 5
116 -1.812579e-03 -5.288632e-04  1.705120e-03  1.283716e-03 -2.008834e-03 -7.035372e-03  0.3166 5
117 -1.823305e-03 -5.233879e-04  1.713361e-03  1.299917e-03 -2.038434e-03 -2.540551e-03  0.3197 5
118 -1.814798e-03 -5.176694e-04  1.723659e-03  1.297129e-03 -1.878061e-03 -2.149697e-03  0.3236 5
119 -1.811140e-03 -5.272239e-04  1.754936e-03  1.283916e-03 -1.915237e-03 -1.954270e-04  0.3273 5
120 -1.792316e-03 -5.072658e-04  1.750900e-03  1.285050e-03 -1.851031e-03  4.690248e-03  0.3322 5
121 -1.768379e-03 -4.866412e-04  1.777274e-03  1.281738e-03 -1.751619e-03  4.494821e-03  0.3348 5
122 -1.777684e-03 -4.958128e-04  1.791347e-03  1.281871e-03 -1.830517e-03  7.817080e-03  0.3359 5
123 -1.758942e-03 -4.932010e-04  1.795236e-03  1.265741e-03 -1.934217e-03  8.012507e-03  0.3404 5
124 -1.729845e-03 -4.739272e-04  1.811496e-03  1.255918e-03 -1.798143e-03  7.426226e-03  0.3445 5
125 -1.731108e-03 -4.646743e-04  1.830267e-03  1.266434e-03 -1.744608e-03  5.276529e-03  0.3455 5
126 -1.729657e-03 -4.653603e-04  1.834751e-03  1.264297e-03 -1.850794e-03  4.885675e-03  0.3469 5
127 -1.724704e-03 -4.504685e-04  1.835023e-03  1.274235e-03 -1.745590e-03 -1.758843e-03  0.3451 5
