phase gTrue cPre cMain cPost mmClassic errorMean loopMean validDensity mainLag
  0  1.935523e-04  1.203991e-03  4.276675e-03  1.010438e-03 -7.732540e-04 -2.931405e-03 -3.908540e-03  0.3398 8
  1  2.405440e-04  1.202918e-03  4.305083e-03  9.623739e-04 -1.023630e-03  0.000000e+00 -1.172562e-03  0.3361 8
  2  2.850596e-04  1.201170e-03  4.323537e-03  9.161104e-04 -1.251228e-03  1.954270e-04 -7.817080e-04  0.3379 8
  3  3.099384e-04  1.189164e-03  4.343254e-03  8.792260e-04 -1.389073e-03  2.345124e-03  3.517686e-03  0.3338 8
  4  3.766783e-04  1.206260e-03  4.345786e-03  8.295815e-04 -1.741962e-03 -1.954270e-04  0.000000e+00  0.3336 8
  5  4.167395e-04  1.213084e-03  4.369806e-03  7.963448e-04 -1.959088e-03 -2.345124e-03 -3.322259e-03  0.3318 8
  6  4.586613e-04  1.204854e-03  4.387743e-03  7.461926e-04 -2.190572e-03 -2.345124e-03 -3.126832e-03  0.3342 8
  7  5.162202e-04  1.226404e-03  4.399599e-03  7.101837e-04 -2.494832e-03 -2.931405e-03 -2.540551e-03  0.3379 8
  8  5.638190e-04  1.239017e-03  4.412664e-03  6.751982e-04 -2.747619e-03 -9.771350e-04  0.000000e+00  0.3395 8
  9  5.802989e-04  1.224316e-03  4.426482e-03  6.440170e-04 -2.842983e-03  1.758843e-03  5.276529e-03  0.3453 8
 10  6.489966e-04  1.232541e-03  4.428383e-03  5.835440e-04 -3.209164e-03 -3.908540e-04  3.517686e-03  0.3467 8
 11  7.123112e-04  1.233574e-03  4.444124e-03  5.212623e-04 -3.541496e-03  3.908540e-04  1.954270e-03  0.3490 8
 12  7.102409e-04  1.229735e-03  4.475056e-03  5.194937e-04 -3.539146e-03  2.345124e-03  5.667383e-03  0.3533 8
 13  7.627071e-04  1.240046e-03  4.458391e-03  4.773385e-04 -3.813977e-03  1.954270e-03  5.667383e-03  0.3572 8
 14  8.197669e-04  1.247328e-03  4.490620e-03  4.275609e-04 -4.126452e-03  1.954270e-04  1.758843e-03  0.3656 8
 15  8.499682e-04  1.255710e-03  4.496911e-03  4.057421e-04 -4.286922e-03  2.345124e-03  5.276529e-03  0.3725 8
 16  8.970671e-04  1.256809e-03  4.498134e-03  3.597421e-04 -4.532097e-03 -2.149697e-03 -3.713113e-03  0.3793 8
 17  9.597503e-04  1.270519e-03  4.508526e-03  3.107688e-04 -4.874577e-03 -2.345124e-03 -4.299394e-03  0.3819 8
 18  1.005834e-03  1.287279e-03  4.510052e-03  2.814451e-04 -5.125438e-03 -1.172562e-03 -2.149697e-03  0.3877 8
 19  1.042027e-03  1.285077e-03  4.508480e-03  2.430499e-04 -5.323875e-03 -1.563416e-03 -3.322259e-03  0.3912 8
 20  1.073907e-03  1.297039e-03  4.509215e-03  2.231327e-04 -5.483695e-03 -3.126832e-03 -5.667383e-03  0.3952 8
 21  1.147273e-03  1.328195e-03  4.522697e-03  1.809220e-04 -5.883712e-03 -1.563416e-03 -3.517686e-03  0.3991 8
 22  1.192373e-03  1.337604e-03  4.524772e-03  1.452311e-04 -6.123667e-03  1.172562e-03  1.563416e-03  0.4026 8
 23  1.199536e-03  1.334300e-03  4.520482e-03  1.347640e-04 -6.166419e-03  5.471956e-03  8.012507e-03  0.4014 8
 24  1.283530e-03  1.359621e-03  4.532207e-03  7.609118e-05 -6.606805e-03  5.081102e-03  8.207934e-03  0.4022 8
 25  1.324502e-03  1.375975e-03  4.534114e-03  5.147381e-05 -6.829063e-03  4.885675e-03  7.817080e-03  0.4055 8
 26  1.348296e-03  1.374689e-03  4.518394e-03  2.639317e-05 -6.963179e-03  1.758843e-03  3.908540e-04  0.4055 8
 27  1.389713e-03  1.384783e-03  4.512856e-03 -4.929898e-06 -7.190810e-03  5.862810e-04 -1.172562e-03  0.4012 8
 28  1.463507e-03  1.413653e-03  4.520532e-03 -4.985333e-05 -7.581526e-03  2.345124e-03  2.540551e-03  0.4010 8
 29  1.504970e-03  1.420718e-03  4.511510e-03 -8.425243e-05 -7.803091e-03  3.908540e-04 -2.931405e-03  0.3955 8
 30  1.535070e-03  1.440403e-03  4.519537e-03 -9.466694e-05 -7.964218e-03 -1.954270e-04 -3.322259e-03  0.3903 8
 31  1.581364e-03  1.457686e-03  4.500235e-03 -1.236778e-04 -8.215126e-03 -2.735978e-03 -5.276529e-03  0.3858 8
 32  1.622726e-03  1.473404e-03  4.473636e-03 -1.493216e-04 -8.440366e-03 -5.276529e-03 -9.575923e-03  0.3825 8
 33  1.666963e-03  1.483999e-03  4.482186e-03 -1.829640e-04 -8.668871e-03 -2.931405e-03 -7.426226e-03  0.3793 8
 34  1.728972e-03  1.506557e-03  4.465105e-03 -2.224144e-04 -9.000070e-03 -6.644518e-03 -1.426617e-02  0.3760 8
 35  1.740979e-03  1.515055e-03  4.470233e-03 -2.259241e-04 -9.074556e-03 -6.058237e-03 -1.328904e-02  0.3684 8
 36  1.797426e-03  1.535827e-03  4.450815e-03 -2.615989e-04 -9.374000e-03 -1.016220e-02 -1.837014e-02  0.3639 8
 37  1.849571e-03  1.561292e-03  4.454109e-03 -2.882789e-04 -9.654448e-03 -9.380496e-03 -1.582959e-02  0.3572 8
 38  1.899176e-03  1.592823e-03  4.420572e-03 -3.063529e-04 -9.920845e-03 -1.035763e-02 -1.700215e-02  0.3539 8
 39  1.915010e-03  1.597881e-03  4.410823e-03 -3.171297e-04 -1.000097e-02 -7.426226e-03 -1.407074e-02  0.3467 8
 40  1.982891e-03  1.625571e-03  4.387535e-03 -3.573200e-04 -1.036649e-02 -4.103967e-03 -1.055306e-02  0.3406 8
 41  2.018528e-03  1.649165e-03  4.371515e-03 -3.693629e-04 -1.056672e-02 -3.126832e-03 -9.575923e-03  0.3385 8
 42  2.081433e-03  1.675412e-03  4.367765e-03 -4.060208e-04 -1.090474e-02 -2.345124e-03 -9.185069e-03  0.3322 8
 43  2.124162e-03  1.705321e-03  4.351617e-03 -4.188406e-04 -1.112233e-02 -1.954270e-04 -8.207934e-03  0.3277 8
 44  2.158748e-03  1.717081e-03  4.343948e-03 -4.416674e-04 -1.131882e-02 -5.862810e-04 -6.449091e-03  0.3250 8
 45  2.206222e-03  1.748763e-03  4.335911e-03 -4.574586e-04 -1.157190e-02 -3.908540e-04 -6.644518e-03  0.3232 8
 46  2.247512e-03  1.773397e-03  4.326593e-03 -4.741155e-04 -1.178741e-02 -3.517686e-03 -1.172562e-02  0.3252 8
 47  2.274577e-03  1.786811e-03  4.283794e-03 -4.877661e-04 -1.193458e-02 -9.771350e-03 -2.071526e-02  0.3279 8
 48  2.326702e-03  1.813784e-03  4.273277e-03 -5.129184e-04 -1.221416e-02 -1.035763e-02 -2.227868e-02  0.3250 8
 49  2.367750e-03  1.841610e-03  4.251386e-03 -5.261396e-04 -1.243047e-02 -8.598788e-03 -1.817471e-02  0.3322 8
 50  2.413573e-03  1.863612e-03  4.225459e-03 -5.499607e-04 -1.268553e-02 -1.231190e-02 -2.403752e-02  0.3395 8
 51  2.461731e-03  1.906461e-03  4.186273e-03 -5.552704e-04 -1.294173e-02 -8.403361e-03 -1.797928e-02  0.3484 8
 52  2.504515e-03  1.922874e-03  4.155751e-03 -5.816411e-04 -1.317058e-02 -1.113934e-02 -2.247411e-02  0.3524 8
 53  2.565712e-03  1.961776e-03  4.124478e-03 -6.039357e-04 -1.349557e-02 -9.185069e-03 -1.954270e-02  0.3551 8
 54  2.597774e-03  1.993501e-03  4.112629e-03 -6.042733e-04 -1.367295e-02 -9.185069e-03 -2.012898e-02  0.3570 8
 55  2.627175e-03  2.017662e-03  4.096707e-03 -6.095125e-04 -1.382600e-02 -1.113934e-02 -2.325581e-02  0.3582 8
 56  2.682839e-03  2.051509e-03  4.071492e-03 -6.313291e-04 -1.412545e-02 -1.192105e-02 -2.423295e-02  0.3563 8
 57  2.723639e-03  2.084868e-03  4.044376e-03 -6.387710e-04 -1.434491e-02 -8.989642e-03 -2.012898e-02  0.3568 8
 58  2.752077e-03  2.094590e-03  4.025960e-03 -6.574877e-04 -1.450173e-02 -9.966777e-03 -2.051984e-02  0.3543 8
 59  2.813899e-03  2.139674e-03  3.977318e-03 -6.742251e-04 -1.483003e-02 -8.989642e-03 -1.915185e-02  0.3557 8
 60  2.837988e-03  2.164388e-03  3.965225e-03 -6.736002e-04 -1.495665e-02 -7.426226e-03 -1.622044e-02  0.3568 8
 61  2.909438e-03  2.210448e-03  3.919956e-03 -6.989892e-04 -1.533855e-02 -8.403361e-03 -1.856557e-02  0.3574 8
 62  2.928221e-03  2.235817e-03  3.899746e-03 -6.924039e-04 -1.545170e-02 -7.035372e-03 -1.543873e-02  0.3541 8
 63  2.964823e-03  2.270773e-03  3.862888e-03 -6.940497e-04 -1.564328e-02 -6.449091e-03 -1.387532e-02  0.3516 8
 64  3.005510e-03  2.296082e-03  3.833829e-03 -7.094270e-04 -1.585831e-02 -2.345124e-03 -6.644518e-03  0.3486 8
 65  3.064001e-03  2.336447e-03  3.783271e-03 -7.275542e-04 -1.617414e-02 -1.954270e-03 -4.885675e-03  0.3455 8
 66  3.088333e-03  2.367856e-03  3.754740e-03 -7.204766e-04 -1.630036e-02  1.563416e-03  5.862810e-04  0.3400 8
 67  3.115179e-03  2.397287e-03  3.724588e-03 -7.178916e-04 -1.644977e-02  7.230799e-03  1.016220e-02  0.3340 8
 68  3.172987e-03  2.425552e-03  3.686345e-03 -7.474345e-04 -1.675867e-02  7.621653e-03  1.016220e-02  0.3289 8
 69  3.201606e-03  2.459004e-03  3.652934e-03 -7.426024e-04 -1.691403e-02  5.276529e-03  6.644518e-03  0.3273 8
 70  3.272297e-03  2.507914e-03  3.627109e-03 -7.643839e-04 -1.727803e-02  7.817080e-03  1.133477e-02  0.3193 8
 71  3.287404e-03  2.527661e-03  3.571191e-03 -7.597432e-04 -1.737408e-02  4.299394e-03  5.667383e-03  0.3115 8
 72  3.307851e-03  2.565330e-03  3.550741e-03 -7.425204e-04 -1.749137e-02  1.954270e-04  0.000000e+00  0.3113 8
 73  3.352339e-03  2.602291e-03  3.506482e-03 -7.500476e-04 -1.772573e-02  1.367989e-03  2.149697e-03  0.3047 8
 74  3.410901e-03  2.646693e-03  3.478759e-03 -7.642081e-04 -1.803735e-02 -5.276529e-03 -8.012507e-03  0.3043 8
 75  3.428811e-03  2.677795e-03  3.435850e-03 -7.510156e-04 -1.813537e-02 -7.426226e-03 -1.133477e-02  0.2959 8
 76  3.505250e-03  2.724499e-03  3.376212e-03 -7.807516e-04 -1.853566e-02 -7.035372e-03 -1.094391e-02  0.2970 8
 77  3.520934e-03  2.741596e-03  3.347844e-03 -7.793381e-04 -1.862589e-02 -1.758843e-03 -4.103967e-03  0.2957 8
 78  3.543709e-03  2.784502e-03  3.305046e-03 -7.592064e-04 -1.875342e-02 -2.931405e-03 -6.058237e-03  0.2984 8
 79  3.587970e-03  2.818726e-03  3.274692e-03 -7.692433e-04 -1.899058e-02 -1.758843e-03 -4.103967e-03  0.2984 8
 80  3.624619e-03  2.851963e-03  3.217657e-03 -7.726564e-04 -1.918554e-02  0.000000e+00 -1.563416e-03  0.2990 8
 81  3.668171e-03  2.895354e-03  3.193874e-03 -7.728175e-04 -1.942070e-02  4.494821e-03  5.081102e-03  0.2988 8
 82  3.671677e-03  2.922522e-03  3.135124e-03 -7.491548e-04 -1.944108e-02  2.345124e-03  1.563416e-03  0.3010 8
 83  3.727269e-03  2.959902e-03  3.106978e-03 -7.673669e-04 -1.973358e-02  5.276529e-03  6.449091e-03  0.3051 8
 84  3.755058e-03  2.992931e-03  3.059688e-03 -7.621272e-04 -1.989216e-02  5.276529e-03  6.839945e-03  0.3035 8
 85 -1.378398e-03  1.611247e-03  3.025726e-03  2.989644e-03  7.737645e-03  3.713113e-03  5.471956e-03  0.3035 7
 86 -1.362051e-03  1.599325e-03  3.073658e-03  2.961376e-03  7.656620e-03  4.885675e-03  5.276529e-03  0.3008 7
 87 -1.333981e-03  1.593747e-03  3.090421e-03  2.927727e-03  7.493714e-03  5.081102e-03  6.644518e-03  0.2974 7
 88 -1.312798e-03  1.582448e-03  3.122170e-03  2.895246e-03  7.379374e-03  6.644518e-03  8.598788e-03  0.2978 7
 89 -1.261399e-03  1.571475e-03  3.152889e-03  2.832874e-03  7.113089e-03  8.012507e-03  1.113934e-02  0.2961 7
 90 -1.239005e-03  1.554351e-03  3.199160e-03  2.793356e-03  6.991596e-03  1.016220e-02  1.504788e-02  0.2931 7
 91 -1.187222e-03  1.542720e-03  3.236451e-03  2.729941e-03  6.716165e-03  9.575923e-03  1.446160e-02  0.2922 7
 92 -1.167764e-03  1.516983e-03  3.270441e-03  2.684747e-03  6.610617e-03  1.133477e-02  1.739300e-02  0.2924 7
 93 -1.141041e-03  1.513370e-03  3.321106e-03  2.654411e-03  6.473407e-03  1.055306e-02  1.465703e-02  0.2908 7
 94 -1.109961e-03  1.496738e-03  3.337523e-03  2.606699e-03  6.312331e-03  1.289818e-02  1.934727e-02  0.2908 7
 95 -1.059310e-03  1.479557e-03  3.381351e-03  2.538867e-03  6.035552e-03  1.211647e-02  1.934727e-02  0.2920 7
 96 -1.060906e-03  1.444448e-03  3.411935e-03  2.505353e-03  6.040280e-03  1.113934e-02  1.700215e-02  0.2941 7
 97 -9.963356e-04  1.457266e-03  3.448447e-03  2.453602e-03  5.697367e-03  1.133477e-02  1.797928e-02  0.2951 7
 98 -9.591871e-04  1.454921e-03  3.479996e-03  2.414108e-03  5.504325e-03  1.172562e-02  1.797928e-02  0.3002 7
 99 -9.376208e-04  1.425163e-03  3.499517e-03  2.362784e-03  5.382861e-03  1.055306e-02  1.543873e-02  0.3013 7
100 -8.891870e-04  1.430024e-03  3.544908e-03  2.319211e-03  5.123319e-03  8.598788e-03  1.172562e-02  0.3041 7
101 -8.626626e-04  1.409243e-03  3.576404e-03  2.271905e-03  4.992160e-03  1.094391e-02  1.426617e-02  0.2998 7
102 -8.077371e-04  1.408382e-03  3.614230e-03  2.216119e-03  4.697269e-03  1.133477e-02  1.446160e-02  0.2974 7
103 -7.955623e-04  1.383801e-03  3.642405e-03  2.179364e-03  4.624542e-03  1.094391e-02  1.192105e-02  0.2970 7
104 -7.363223e-04  1.378118e-03  3.668861e-03  2.114440e-03  4.314851e-03  1.016220e-02  1.094391e-02  0.2951 7
105 -7.069735e-04  1.374049e-03  3.705467e-03  2.081023e-03  4.154184e-03  9.185069e-03  8.794215e-03  0.2949 7
106 -6.998626e-04  1.347752e-03  3.736870e-03  2.047615e-03  4.115157e-03  1.153019e-02  1.328904e-02  0.2941 7
107 -6.356825e-04  1.345697e-03  3.771019e-03  1.981379e-03  3.777141e-03  7.817080e-03  9.185069e-03  0.2916 7
108 -5.948271e-04  1.342135e-03  3.793116e-03  1.936963e-03  3.555311e-03  8.794215e-03  1.231190e-02  0.2969 7
109 -5.702510e-04  1.330482e-03  3.816389e-03  1.900733e-03  3.414275e-03  7.035372e-03  9.966777e-03  0.2994 7
110 -5.238157e-04  1.319961e-03  3.849527e-03  1.843777e-03  3.175898e-03  7.817080e-04  7.817080e-04  0.2994 7
111 -4.893177e-04  1.314355e-03  3.883268e-03  1.803673e-03  2.985349e-03 -3.322259e-03 -5.862810e-03  0.3015 7
112 -4.380536e-04  1.309817e-03  3.907125e-03  1.747870e-03  2.715156e-03 -1.954270e-03 -3.126832e-03  0.3045 7
113 -4.022625e-04  1.290947e-03  3.938134e-03  1.693209e-03  2.525858e-03 -2.540551e-03 -2.149697e-03  0.3082 7
114 -3.449394e-04  1.297112e-03  3.994041e-03  1.642051e-03  2.216928e-03 -4.690248e-03 -3.908540e-03  0.3096 7
115 -3.276881e-04  1.271268e-03  4.004524e-03  1.598956e-03  2.129412e-03 -3.126832e-03 -2.149697e-03  0.3139 7
116 -2.984894e-04  1.257874e-03  4.023672e-03  1.556363e-03  1.970455e-03 -5.471956e-03 -7.035372e-03  0.3166 7
117 -2.550084e-04  1.273002e-03  4.056025e-03  1.528010e-03  1.732622e-03 -2.735978e-03 -2.540551e-03  0.3197 7
118 -2.000581e-04  1.269822e-03  4.080059e-03  1.469880e-03  1.447507e-03 -2.345124e-03 -2.149697e-03  0.3236 7
119 -1.674304e-04  1.255915e-03  4.097819e-03  1.423346e-03  1.271284e-03 -1.367989e-03 -1.954270e-04  0.3273 7
120 -1.128503e-04  1.256108e-03  4.125135e-03  1.368959e-03  9.804616e-04  1.954270e-03  4.690248e-03  0.3322 7
121 -7.886317e-05  1.251971e-03  4.147587e-03  1.330834e-03  7.934543e-04  1.758843e-03  4.494821e-03  0.3348 7
122 -3.213757e-05  1.251415e-03  4.178915e-03  1.283553e-03  5.425862e-04  3.322259e-03  7.817080e-03  0.3359 7
123  3.942618e-06  1.234885e-03  4.190408e-03  1.230943e-03  3.481080e-04  3.517686e-03  8.012507e-03  0.3404 7
124  4.108804e-05  1.223862e-03  4.228780e-03  1.182774e-03  1.455134e-04  3.322259e-03  7.426226e-03  0.3445 7
125  8.474379e-05  1.234375e-03  4.228311e-03  1.149631e-03 -8.414639e-05  1.954270e-03  5.276529e-03  0.3455 7
126  1.280388e-04  1.231600e-03  4.266508e-03  1.103562e-03 -3.172604e-04  1.367989e-03  4.885675e-03  0.3469 7
127  1.957542e-04  1.240744e-03  4.280743e-03  1.044990e-03 -6.783264e-04 -1.172562e-03 -1.758843e-03  0.3451 7
